4
1
2
4
8
16
32
64
128
256
512
1024
2048
4096
8192
16384
32768
3
5
9
17
33
65
129
257
513
1025
2049
4097
8193
16385
32769
6
10
18
34
66
130
258
514
1026
2050
4098
8194
16386
32770
12
20
36
68
132
260
516
1028
2052
4100
8196
16388
32772
24
40
72
136
264
520
1032
2056
4104
8200
16392
32776
48
80
144
272
528
1040
2064
4112
8208
16400
32784
96
160
288
544
1056
2080
4128
8224
16416
32800
192
320
576
1088
2112
4160
8256
16448
32832
384
640
1152
2176
4224
8320
16512
32896
768
1280
2304
4352
8448
16640
33024
1536
2560
4608
8704
16896
33280
3072
5120
9216
17408
33792
6144
10240
18432
34816
12288
20480
36864
24576
40960
49152