4
1
2
6
7
8
9
11
14
22
23
24
25
26
27
30
31
40
41
42
43
44
45
46
47
61
62
104
105
106
107
110
111
126
127
128
129
130
131
134
135
137
138
139
142
143
150
151
152
154
155
158
159
168
169
171
172
173
174
188
189
190
191
232
233
234
235
239
254
278
279
280
281
282
283
286
287
296
297
298
299
300
301
302
303
316
317
318
319
360
361
362
363
366
367
382
383
384
385
386
387
390
391
392
393
394
395
398
399
406
407
408
409
410
411
414
415
424
425
426
427
428
429
430
431
444
445
446
447
488
489
490
491
494
495
510
511
552
553
554
555
556
557
558
559
572
573
574
575
576
577
578
579
582
583
584
585
586
587
590
591
596
597
598
599
600
601
602
603
604
605
606
607
616
617
618
619
620
621
622
623
636
637
638
639
640
641
642
643
644
645
646
647
648
649
650
651
652
653
654
655
660
661
662
663
664
665
666
667
668
669
670
671
680
681
682
683
684
685
686
687
700
701
702
703
704
705
706
707
708
709
710
711
712
713
714
715
716
717
718
719
724
725
726
727
728
729
730
731
732
733
734
735
744
745
746
747
748
749
750
751
764
765
766
767
829
830
854
855
856
857
858
859
862
863
872
873
874
875
876
877
878
879
892
893
894
895
896
897
898
899
900
901
902
903
904
905
906
907
908
909
910
911
916
917
918
919
920
921
922
923
924
925
926
927
936
937
938
939
940
941
942
943
956
957
958
959
961
962
964
965
966
967
968
969
970
971
973
974
980
981
982
983
984
985
986
987
988
989
990
991
1000
1001
1002
1003
1004
1005
1006
1007
1021
1022
1632
1633
1634
1635
1638
1639
1640
1641
1642
1643
1646
1647
1650
1651
1654
1655
1656
1657
1658
1659
1662
1663
1664
1665
1666
1667
1670
1671
1672
1673
1674
1675
1678
1679
1680
1681
1682
1683
1686
1687
1688
1689
1690
1691
1694
1695
1696
1697
1698
1699
1700
1701
1702
1703
1704
1705
1706
1707
1708
1709
1710
1711
1712
1713
1714
1715
1716
1717
1718
1719
1720
1721
1722
1723
1724
1725
1726
1727
1760
1761
1762
1763
1766
1767
1768
1769
1770
1771
1774
1775
1776
1777
1778
1779
1782
1783
1784
1785
1786
1787
1790
1791
1910
1911
1912
1913
1914
1915
1918
1919
1920
1921
1922
1923
1926
1927
1928
1929
1930
1931
1934
1935
1936
1937
1938
1939
1942
1943
1944
1945
1946
1947
1950
1951
1952
1953
1954
1955
1956
1957
1958
1959
1960
1961
1962
1963
1964
1965
1966
1967
1968
1969
1970
1971
1972
1973
1974
1975
1976
1977
1978
1979
1980
1981
1982
1983
2016
2017
2018
2019
2022
2023
2024
2025
2026
2027
2030
2031
2032
2033
2034
2035
2038
2039
2040
2041
2042
2043
2046
2047
2176
2177
2178
2179
2182
2183
2184
2185
2186
2187
2190
2191
2192
2193
2194
2195
2198
2199
2200
2201
2202
2203
2206
2207
2208
2209
2210
2211
2212
2213
2214
2215
2216
2217
2218
2219
2220
2221
2222
2223
2224
2225
2226
2227
2228
2229
2230
2231
2232
2233
2234
2235
2236
2237
2238
2239
2272
2273
2274
2275
2278
2279
2280
2281
2282
2283
2286
2287
2288
2289
2290
2291
2294
2295
2296
2297
2298
2299
2302
2303
2448
2449
2450
2451
2454
2455
2456
2457
2458
2459
2462
2463
2464
2465
2466
2467
2468
2469
2470
2471
2472
2473
2474
2475
2476
2477
2478
2479
2480
2481
2482
2483
2484
2485
2486
2487
2488
2489
2490
2491
2492
2493
2494
2495
2528
2529
2530
2531
2534
2535
2536
2537
2538
2539
2542
2543
2544
2545
2546
2547
2550
2551
2552
2553
2554
2555
2558
2559
2721
2722
2723
2724
2726
2727
2728
2729
2731
2732
2733
2734
2736
2737
2738
2739
2740
2741
2742
2743
2744
2745
2746
2747
2748
2749
2750
2751
2752
2753
2754
2755
2758
2759
2760
2761
2762
2763
2766
2767
2768
2769
2770
2771
2772
2773
2774
2775
2776
2777
2778
2779
2780
2781
2782
2783
2784
2785
2786
2787
2788
2789
2790
2791
2792
2793
2794
2795
2796
2797
2798
2799
2801
2802
2803
2804
2806
2807
2808
2809
2811
2812
2813
2814
2992
2993
2994
2995
2996
2997
2998
2999
3000
3001
3002
3003
3004
3005
3006
3007
3024
3025
3026
3027
3030
3031
3032
3033
3034
3035
3038
3039
3040
3041
3042
3043
3044
3045
3046
3047
3048
3049
3050
3051
3052
3053
3054
3055
3056
3057
3058
3059
3060
3061
3062
3063
3064
3065
3066
3067
3068
3069
3070
3071
3808
3809
3810
3811
3814
3815
3816
3817
3818
3819
3822
3823
3824
3825
3826
3827
3830
3831
3832
3833
3834
3835
3838
3839
4081
4082
4086
4087
4088
4089
4091
4094
5736
5737
5738
5739
5742
5743
5758
5759
5760
5761
5762
5763
5766
5767
5768
5769
5770
5771
5774
5775
5782
5783
5784
5785
5786
5787
5790
5791
5800
5801
5802
5803
5804
5805
5806
5807
5820
5821
5822
5823
5864
5865
5866
5867
5870
5871
5886
5887
6014
6015
6016
6017
6018
6019
6022
6023
6024
6025
6026
6027
6030
6031
6038
6039
6040
6041
6042
6043
6046
6047
6056
6057
6058
6059
6060
6061
6062
6063
6076
6077
6078
6079
6120
6121
6122
6123
6126
6127
6142
6143
6272
6273
6274
6275
6278
6279
6280
6281
6282
6283
6286
6287
6288
6289
6290
6291
6294
6295
6296
6297
6298
6299
6302
6303
6304
6305
6306
6307
6308
6309
6310
6311
6312
6313
6314
6315
6316
6317
6318
6319
6320
6321
6322
6323
6324
6325
6326
6327
6328
6329
6330
6331
6332
6333
6334
6335
6368
6369
6370
6371
6374
6375
6376
6377
6378
6379
6382
6383
6384
6385
6386
6387
6390
6391
6392
6393
6394
6395
6398
6399
6544
6545
6546
6547
6550
6551
6552
6553
6554
6555
6558
6559
6560
6561
6562
6563
6564
6565
6566
6567
6568
6569
6570
6571
6572
6573
6574
6575
6576
6577
6578
6579
6580
6581
6582
6583
6584
6585
6586
6587
6588
6589
6590
6591
6624
6625
6626
6627
6630
6631
6632
6633
6634
6635
6638
6639
6640
6641
6642
6643
6646
6647
6648
6649
6650
6651
6654
6655
6816
6817
6818
6819
6820
6821
6822
6823
6824
6825
6826
6827
6828
6829
6830
6831
6832
6833
6834
6835
6836
6837
6838
6839
6840
6841
6842
6843
6844
6845
6846
6847
6848
6849
6850
6851
6854
6855
6856
6857
6858
6859
6862
6863
6864
6865
6866
6867
6868
6869
6870
6871
6872
6873
6874
6875
6876
6877
6878
6879
6880
6881
6882
6883
6884
6885
6886
6887
6888
6889
6890
6891
6892
6893
6894
6895
6896
6897
6898
6899
6900
6901
6902
6903
6904
6905
6906
6907
6908
6909
6910
6911
7088
7089
7090
7091
7092
7093
7094
7095
7096
7097
7098
7099
7100
7101
7102
7103
7120
7121
7122
7123
7126
7127
7128
7129
7130
7131
7134
7135
7136
7137
7138
7139
7140
7141
7142
7143
7144
7145
7146
7147
7148
7149
7150
7151
7152
7153
7154
7155
7156
7157
7158
7159
7160
7161
7162
7163
7164
7165
7166
7167
7904
7905
7906
7907
7910
7911
7912
7913
7914
7915
7918
7919
7920
7921
7922
7923
7926
7927
7928
7929
7930
7931
7934
7935
8176
8177
8178
8179
8182
8183
8184
8185
8186
8187
8190
8191
10368
10369
10370
10371
10372
10373
10374
10375
10376
10377
10378
10379
10380
10381
10382
10383
10388
10389
10390
10391
10392
10393
10394
10395
10396
10397
10398
10399
10408
10409
10410
10411
10412
10413
10414
10415
10428
10429
10430
10431
10432
10433
10434
10435
10436
10437
10438
10439
10440
10441
10442
10443
10444
10445
10446
10447
10452
10453
10454
10455
10456
10457
10458
10459
10460
10461
10462
10463
10472
10473
10474
10475
10476
10477
10478
10479
10492
10493
10494
10495
10644
10645
10646
10647
10648
10649
10650
10651
10652
10653
10654
10655
10664
10665
10666
10667
10668
10669
10670
10671
10684
10685
10686
10687
10688
10689
10690
10691
10692
10693
10694
10695
10696
10697
10698
10699
10700
10701
10702
10703
10708
10709
10710
10711
10712
10713
10714
10715
10716
10717
10718
10719
10728
10729
10730
10731
10732
10733
10734
10735
10748
10749
10750
10751
10920
10921
10922
10923
10924
10925
10926
10927
10940
10941
10942
10943
10944
10945
10946
10947
10948
10949
10950
10951
10952
10953
10954
10955
10956
10957
10958
10959
10964
10965
10966
10967
10968
10969
10970
10971
10972
10973
10974
10975
10984
10985
10986
10987
10988
10989
10990
10991
11004
11005
11006
11007
11196
11197
11198
11199
11200
11201
11202
11203
11204
11205
11206
11207
11208
11209
11210
11211
11212
11213
11214
11215
11220
11221
11222
11223
11224
11225
11226
11227
11228
11229
11230
11231
11240
11241
11242
11243
11244
11245
11246
11247
11260
11261
11262
11263
11456
11457
11458
11459
11460
11461
11462
11463
11464
11465
11466
11467
11468
11469
11470
11471
11472
11473
11474
11475
11476
11477
11478
11479
11480
11481
11482
11483
11484
11485
11486
11487
11488
11489
11490
11491
11492
11493
11494
11495
11496
11497
11498
11499
11500
11501
11502
11503
11504
11505
11506
11507
11508
11509
11510
11511
11512
11513
11514
11515
11516
11517
11518
11519
11728
11729
11730
11731
11732
11733
11734
11735
11736
11737
11738
11739
11740
11741
11742
11743
11744
11745
11746
11747
11748
11749
11750
11751
11752
11753
11754
11755
11756
11757
11758
11759
11760
11761
11762
11763
11764
11765
11766
11767
11768
11769
11770
11771
11772
11773
11774
11775
12000
12001
12002
12003
12004
12005
12006
12007
12008
12009
12010
12011
12012
12013
12014
12015
12016
12017
12018
12019
12020
12021
12022
12023
12024
12025
12026
12027
12028
12029
12030
12031
12272
12273
12274
12275
12276
12277
12278
12279
12280
12281
12282
12283
12284
12285
12286
12287
15553
15554
15556
15557
15558
15559
15560
15561
15562
15563
15565
15566
15572
15573
15574
15575
15576
15577
15578
15579
15580
15581
15582
15583
15592
15593
15594
15595
15596
15597
15598
15599
15613
15614
15828
15829
15830
15831
15832
15833
15834
15835
15836
15837
15838
15839
15848
15849
15850
15851
15852
15853
15854
15855
15868
15869
15870
15871
16104
16105
16106
16107
16108
16109
16110
16111
16124
16125
16126
16127
16381
16382
26752
26753
26754
26755
26758
26759
26760
26761
26762
26763
26766
26767
26774
26775
26776
26777
26778
26779
26782
26783
26792
26793
26794
26795
26796
26797
26798
26799
26812
26813
26814
26815
26856
26857
26858
26859
26862
26863
26878
26879
27030
27031
27032
27033
27034
27035
27038
27039
27048
27049
27050
27051
27052
27053
27054
27055
27068
27069
27070
27071
27112
27113
27114
27115
27118
27119
27134
27135
27304
27305
27306
27307
27308
27309
27310
27311
27324
27325
27326
27327
27328
27329
27330
27331
27334
27335
27336
27337
27338
27339
27342
27343
27348
27349
27350
27351
27352
27353
27354
27355
27356
27357
27358
27359
27368
27369
27370
27371
27372
27373
27374
27375
27388
27389
27390
27391
27580
27581
27582
27583
27606
27607
27608
27609
27610
27611
27614
27615
27624
27625
27626
27627
27628
27629
27630
27631
27644
27645
27646
27647
28384
28385
28386
28387
28390
28391
28392
28393
28394
28395
28398
28399
28402
28403
28406
28407
28408
28409
28410
28411
28414
28415
28662
28663
28664
28665
28666
28667
28670
28671
32488
32489
32490
32491
32494
32495
32510
32511
32766
32767
32768
32769
32770
32771
32774
32775
32776
32777
32778
32779
32782
32783
32790
32791
32792
32793
32794
32795
32798
32799
32808
32809
32810
32811
32812
32813
32814
32815
32828
32829
32830
32831
32872
32873
32874
32875
32878
32879
32894
32895
32897
32898
32899
32902
32903
32904
32905
32906
32907
32910
32911
32918
32919
32920
32921
32922
32923
32926
32927
32936
32937
32938
32939
32940
32941
32942
32943
32956
32957
32958
32959
33000
33001
33002
33003
33006
33007
33022
33023
33046
33047
33048
33049
33050
33051
33054
33055
33064
33065
33066
33067
33068
33069
33070
33071
33084
33085
33086
33087
33128
33129
33130
33131
33134
33135
33150
33151
33152
33154
33155
33158
33159
33160
33161
33162
33163
33166
33167
33174
33175
33176
33177
33178
33179
33182
33183
33192
33193
33194
33195
33196
33197
33198
33199
33212
33213
33214
33215
33256
33257
33258
33259
33262
33263
33278
33279
33320
33321
33322
33323
33324
33325
33326
33327
33340
33341
33342
33343
33344
33345
33346
33347
33350
33351
33352
33353
33354
33355
33358
33359
33364
33365
33366
33367
33368
33369
33370
33371
33372
33373
33374
33375
33384
33385
33386
33387
33388
33389
33390
33391
33404
33405
33406
33407
33408
33409
33411
33412
33413
33414
33415
33416
33417
33418
33419
33420
33421
33422
33423
33428
33429
33430
33431
33432
33433
33434
33435
33436
33437
33438
33439
33448
33449
33450
33451
33452
33453
33454
33455
33468
33469
33470
33471
33472
33473
33474
33475
33476
33477
33478
33479
33480
33481
33482
33483
33484
33485
33486
33487
33492
33493
33494
33495
33496
33497
33498
33499
33500
33501
33502
33503
33512
33513
33514
33515
33516
33517
33518
33519
33532
33533
33534
33535
33596
33597
33598
33599
33622
33623
33624
33625
33626
33627
33630
33631
33640
33641
33642
33643
33644
33645
33646
33647
33660
33661
33662
33663
33664
33665
33666
33668
33669
33670
33671
33672
33673
33674
33675
33676
33677
33678
33679
33684
33685
33686
33687
33688
33689
33690
33691
33692
33693
33694
33695
33704
33705
33706
33707
33708
33709
33710
33711
33724
33725
33726
33727
33728
33729
33730
33731
33732
33733
33734
33735
33736
33737
33738
33739
33740
33741
33742
33743
33748
33749
33750
33751
33752
33753
33754
33755
33756
33757
33758
33759
33768
33769
33770
33771
33772
33773
33774
33775
33788
33789
33790
33791
34400
34401
34402
34403
34406
34407
34408
34409
34410
34411
34414
34415
34418
34419
34422
34423
34424
34425
34426
34427
34430
34431
34432
34433
34434
34435
34439
34440
34441
34442
34443
34446
34447
34448
34449
34450
34451
34454
34455
34456
34457
34458
34459
34462
34463
34464
34465
34466
34467
34468
34469
34470
34471
34472
34473
34474
34475
34476
34477
34478
34479
34480
34481
34482
34483
34484
34485
34486
34487
34488
34489
34490
34491
34492
34493
34494
34495
34528
34529
34530
34531
34534
34535
34536
34537
34538
34539
34542
34543
34544
34545
34546
34547
34550
34551
34552
34553
34554
34555
34558
34559
34678
34679
34680
34681
34682
34683
34686
34687
34688
34689
34690
34691
34694
34696
34697
34698
34699
34702
34703
34704
34705
34706
34707
34710
34711
34712
34713
34714
34715
34718
34719
34720
34721
34722
34723
34724
34725
34726
34727
34728
34729
34730
34731
34732
34733
34734
34735
34736
34737
34738
34739
34740
34741
34742
34743
34744
34745
34746
34747
34748
34749
34750
34751
34784
34785
34786
34787
34790
34791
34792
34793
34794
34795
34798
34799
34800
34801
34802
34803
34806
34807
34808
34809
34810
34811
34814
34815
34944
34945
34946
34947
34950
34951
34953
34954
34955
34958
34959
34960
34961
34962
34963
34966
34967
34968
34970
34971
34974
34975
34976
34977
34978
34979
34980
34981
34982
34983
34984
34985
34987
34988
34989
34990
34991
34992
34993
34994
34995
34996
34997
34998
34999
35000
35001
35002
35004
35005
35006
35007
35040
35041
35042
35043
35046
35047
35048
35049
35050
35051
35055
35056
35057
35058
35059
35062
35063
35064
35065
35066
35067
35070
35216
35217
35218
35219
35222
35223
35224
35225
35226
35227
35230
35231
35232
35233
35234
35235
35236
35237
35238
35239
35240
35241
35242
35243
35244
35245
35246
35247
35248
35249
35250
35251
35252
35253
35254
35255
35256
35257
35258
35259
35260
35261
35262
35263
35296
35297
35298
35299
35302
35303
35304
35305
35306
35307
35310
35311
35312
35313
35314
35315
35318
35319
35320
35321
35322
35323
35326
35327
35488
35489
35490
35491
35492
35493
35494
35495
35496
35497
35498
35499
35500
35501
35502
35503
35504
35505
35506
35507
35508
35509
35510
35511
35512
35513
35514
35515
35516
35517
35518
35519
35520
35521
35522
35523
35526
35527
35528
35529
35530
35531
35534
35535
35536
35537
35538
35539
35540
35541
35542
35543
35544
35545
35546
35547
35548
35549
35550
35551
35552
35553
35554
35555
35556
35557
35558
35559
35560
35561
35562
35563
35564
35565
35566
35567
35568
35569
35570
35571
35572
35573
35574
35575
35576
35577
35578
35579
35580
35581
35582
35583
35760
35761
35762
35763
35764
35765
35766
35767
35768
35769
35770
35771
35772
35773
35774
35775
35792
35793
35794
35795
35798
35799
35800
35801
35802
35803
35806
35807
35808
35809
35810
35811
35812
35813
35814
35815
35816
35817
35818
35819
35820
35821
35822
35823
35824
35825
35826
35827
35828
35829
35830
35831
35832
35833
35834
35835
35836
35837
35838
35839
36576
36577
36578
36579
36582
36583
36584
36585
36586
36587
36590
36591
36592
36593
36594
36595
36598
36599
36600
36601
36602
36603
36606
36607
36848
36849
36850
36851
36854
36855
36856
36857
36858
36859
36862
36863
38504
38505
38506
38507
38510
38511
38526
38527
38528
38529
38530
38531
38534
38535
38536
38537
38538
38539
38542
38543
38551
38552
38553
38554
38555
38558
38559
38568
38569
38570
38571
38572
38573
38574
38575
38588
38589
38590
38591
38632
38633
38634
38635
38638
38639
38654
38655
38782
38783
38784
38785
38786
38787
38790
38791
38792
38793
38794
38795
38798
38799
38806
38808
38809
38810
38811
38814
38815
38824
38825
38826
38827
38828
38829
38830
38831
38844
38845
38846
38847
38888
38889
38890
38891
38894
38895
38910
38911
39040
39041
39042
39043
39046
39047
39048
39049
39050
39051
39054
39055
39056
39057
39058
39059
39062
39063
39065
39066
39067
39070
39071
39072
39073
39074
39075
39076
39077
39078
39079
39080
39081
39082
39083
39084
39085
39086
39087
39088
39089
39090
39091
39092
39093
39094
39095
39096
39097
39098
39099
39100
39101
39102
39103
39136
39137
39138
39139
39142
39143
39144
39145
39146
39147
39150
39151
39152
39153
39154
39155
39158
39159
39160
39161
39162
39163
39166
39167
39312
39313
39314
39315
39318
39319
39320
39322
39323
39326
39327
39328
39329
39330
39331
39332
39333
39334
39335
39336
39337
39339
39340
39341
39342
39343
39344
39345
39346
39347
39348
39349
39350
39351
39352
39353
39354
39356
39357
39358
39359
39392
39393
39394
39395
39398
39399
39400
39401
39402
39403
39407
39408
39409
39410
39411
39414
39415
39416
39417
39418
39419
39422
39584
39585
39586
39587
39588
39589
39590
39591
39592
39593
39594
39595
39596
39597
39598
39599
39600
39601
39602
39603
39604
39605
39606
39607
39608
39609
39610
39611
39612
39613
39614
39615
39616
39617
39618
39619
39622
39623
39624
39625
39626
39627
39630
39631
39632
39633
39634
39635
39636
39637
39638
39639
39640
39641
39642
39643
39644
39645
39646
39647
39648
39649
39650
39651
39652
39653
39654
39655
39656
39657
39658
39659
39660
39661
39662
39663
39664
39665
39666
39667
39668
39669
39670
39671
39672
39673
39674
39675
39676
39677
39678
39679
39856
39857
39858
39859
39860
39861
39862
39863
39864
39865
39866
39867
39868
39869
39870
39871
39888
39889
39890
39891
39894
39895
39896
39897
39898
39899
39902
39903
39904
39905
39906
39907
39908
39909
39910
39911
39912
39913
39914
39915
39916
39917
39918
39919
39920
39921
39922
39923
39924
39925
39926
39927
39928
39929
39930
39931
39932
39933
39934
39935
40672
40673
40674
40675
40678
40679
40680
40681
40682
40683
40686
40687
40688
40689
40690
40691
40694
40695
40696
40697
40698
40699
40702
40703
40944
40945
40946
40947
40950
40951
40952
40953
40954
40955
40958
40959
43136
43137
43138
43139
43140
43141
43142
43143
43144
43145
43146
43147
43148
43149
43150
43151
43156
43157
43158
43159
43160
43161
43162
43163
43164
43165
43166
43167
43177
43178
43179
43180
43181
43182
43183
43196
43197
43198
43199
43200
43201
43202
43203
43204
43205
43206
43207
43208
43209
43210
43211
43212
43213
43214
43215
43220
43221
43222
43223
43224
43225
43226
43227
43228
43229
43230
43231
43240
43241
43242
43243
43244
43245
43246
43247
43260
43261
43262
43263
43412
43413
43414
43415
43416
43417
43418
43419
43420
43421
43422
43423
43432
43434
43435
43436
43437
43438
43439
43452
43453
43454
43455
43456
43457
43458
43459
43460
43461
43462
43463
43464
43465
43466
43467
43468
43469
43470
43471
43476
43477
43478
43479
43480
43481
43482
43483
43484
43485
43486
43487
43496
43497
43498
43499
43500
43501
43502
43503
43516
43517
43518
43519
43688
43689
43691
43692
43693
43694
43708
43709
43710
43711
43712
43713
43714
43715
43716
43717
43718
43719
43720
43721
43722
43723
43725
43726
43727
43732
43733
43734
43735
43736
43737
43738
43739
43740
43742
43743
43752
43753
43754
43755
43756
43757
43759
43772
43773
43774
43964
43965
43966
43967
43968
43969
43970
43971
43972
43973
43974
43975
43976
43977
43978
43979
43980
43981
43982
43983
43988
43989
43990
43991
43992
43993
43994
43995
43996
43997
43998
43999
44008
44009
44010
44011
44012
44013
44014
44015
44028
44029
44030
44031
44224
44225
44226
44227
44228
44229
44230
44231
44232
44233
44234
44235
44236
44237
44238
44239
44240
44241
44242
44243
44244
44245
44246
44247
44248
44249
44250
44251
44252
44253
44254
44255
44256
44257
44258
44259
44260
44261
44262
44263
44264
44265
44266
44267
44268
44269
44270
44271
44272
44273
44274
44275
44276
44277
44278
44279
44280
44281
44282
44283
44284
44285
44286
44287
44496
44497
44498
44499
44500
44501
44502
44503
44504
44505
44506
44507
44508
44509
44510
44511
44512
44513
44514
44515
44516
44517
44518
44519
44520
44521
44522
44523
44524
44525
44526
44527
44528
44529
44530
44531
44532
44533
44534
44535
44536
44537
44538
44539
44540
44541
44542
44543
44768
44769
44770
44771
44772
44773
44774
44775
44776
44777
44778
44779
44780
44781
44782
44783
44784
44785
44786
44787
44788
44789
44790
44791
44792
44793
44794
44795
44796
44797
44798
44799
45041
45042
45043
45044
45046
45047
45048
45049
45051
45052
45053
45054
48320
48321
48322
48323
48324
48325
48326
48327
48328
48329
48330
48331
48332
48333
48334
48335
48340
48341
48342
48343
48344
48345
48346
48347
48348
48349
48350
48351
48360
48361
48362
48363
48364
48365
48366
48367
48380
48381
48382
48383
48596
48597
48598
48599
48600
48601
48602
48603
48604
48605
48606
48607
48616
48617
48618
48619
48620
48621
48622
48623
48636
48637
48638
48639
48872
48873
48874
48875
48876
48877
48878
48879
48892
48893
48894
48895
49148
49149
49150
49151
59520
59521
59522
59523
59526
59527
59528
59529
59530
59531
59534
59535
59542
59543
59544
59545
59546
59547
59550
59551
59560
59561
59562
59563
59564
59565
59566
59567
59580
59581
59582
59583
59625
59626
59627
59630
59631
59646
59647
59798
59799
59800
59801
59802
59803
59806
59807
59816
59817
59818
59819
59820
59821
59822
59823
59836
59837
59838
59839
59880
59882
59883
59886
59887
59902
59903
60072
60073
60074
60075
60076
60077
60078
60079
60092
60093
60094
60095
60096
60097
60098
60099
60102
60103
60104
60105
60106
60107
60110
60111
60116
60117
60118
60119
60120
60121
60122
60123
60124
60125
60126
60127
60136
60137
60139
60140
60141
60142
60143
60156
60157
60158
60159
60348
60349
60350
60351
60374
60375
60376
60377
60378
60379
60382
60383
60392
60393
60394
60396
60397
60398
60399
60412
60413
60414
60415
61152
61153
61154
61155
61158
61159
61160
61161
61162
61163
61167
61170
61171
61174
61175
61176
61177
61178
61179
61182
61430
61431
61432
61433
61434
61435
61438
61439
65256
65257
65258
65259
65262
65263
65279
65534